0
0
0
0
0
0
0
0
0
0
0
0
0
0
0
0
0
0
0
0
0
0
0
0
0
0
0
0
0
0
0
0
0
0
0
0
0
0
0
0
0
0
0
0
0
0
0
0
0
0
0
0
0
0
0
0
0
0
0
0
0
0
0
0
0
0
0
0
0
0
0
0
0
0
0
0
0
0
0
0
0
0
0
0
0
0
0
0
0
0
0
0
0
0
0
0
0
0
0
0
0
0
0
0
0
0
0
0
0
0
0
0
0
0
0
0
0
0
0
0
0
0
0
0
0
0
0
0
0
0
0
0
0
0
0
0
0
0
0
0
0
0
0
0
0
0
0
0
0
0
0
0
0
0
0
0
0
0
0
292.053
292.053
295.973
295.973
286.364
286.364
0
0
0
0
0
0
0
0
0
0
0
294
294
294
294
294
294
294
294
294
294
294
294
300
300
324.265
324.265
329.104
329.104
0
0
0
329.104
329.104
329.104
329.104
329.104
329.104
329.104
329.104
329.104
329.104
329.104
329.104
329.104
329.104
329.104
329.104
329.104
329.104
329.104
0
0
0
350
350
350
350
350
350
350
350
350
350
350
347.244
347.244
347.244
347.244
341.86
341.86
0
0
0
390.265
390.265
390.265
390.265
390.265
390.265
390.265
390.265
390.265
390.265
390.265
390.265
390.265
390.265
390.265
390.265
393.75
393.75
436.634
436.634
0
0
0
0
436.634
436.634
436.634
436.634
436.634
436.634
436.634
436.634
436.634
436.634
436.634
436.634
436.634
436.634
441
441
445.455
445.455
445.455
445.455
445.455
445.455
441
441
441
436.634
436.634
436.634
436.634
436.634
436.634
436.634
441
441
445.455
445.455
450
450
445.455
445.455
445.455
441
441
436.634
436.634
436.634
436.634
436.634
436.634
436.634
436.634
436.634
441
441
441
441
441
441
441
441
441
441
441
441
441
441
441
441
441
436.634
436.634
436.634
436.634
436.634
441
441
441
441
441
441
441
0
0
0
0
0
0
441
441
441
441
441
441
441
441
441
441
441
441
441
441
441
441
441
441
441
441
441
441
441
441
441
441
441
441
441
445.455
445.455
445.455
445.455
445.455
445.455
445.455
445.455
445.455
450
450
450
450
450
450
450
454.639
454.639
454.639
454.639
454.639
454.639
454.639
454.639
454.639
454.639
454.639
454.639
454.639
454.639
454.639
459.375
459.375
459.375
459.375
459.375
459.375
459.375
459.375
459.375
459.375
459.375
459.375
459.375
459.375
459.375
459.375
459.375
459.375
454.639
454.639
0
0
0
0
0
0
0
0
0
0
0
436.634
436.634
436.634
436.634
436.634
436.634
436.634
436.634
436.634
441
441
441
436.634
436.634
436.634
436.634
436.634
436.634
436.634
436.634
436.634
436.634
436.634
436.634
436.634
436.634
436.634
441
441
445.455
445.455
445.455
445.455
445.455
441
441
436.634
436.634
436.634
436.634
436.634
436.634
436.634
436.634
436.634
436.634
436.634
441
441
441
441
441
441
441
436.634
436.634
436.634
436.634
436.634
436.634
436.634
436.634
436.634
436.634
436.634
436.634
436.634
436.634
436.634
436.634
436.634
436.634
436.634
436.634
0
0
0
0
0
0
390.265
390.265
390.265
390.265
390.265
390.265
390.265
390.265
390.265
390.265
390.265
390.265
390.265
390.265
390.265
390.265
390.265
390.265
386.842
424.038
424.038
432.353
432.353
0
0
0
0
0
0
0
0
0
0
0
0
0
0
0
0
0
0
386.842
386.842
390.265
390.265
390.265
390.265
390.265
390.265
390.265
390.265
390.265
390.265
390.265
390.265
390.265
390.265
390.265
390.265
390.265
390.265
390.265
390.265
390.265
390.265
390.265
390.265
393.75
393.75
390.265
390.265
390.265
390.265
390.265
390.265
390.265
383.478
383.478
367.5
0
0
0
0
0
0
347.244
347.244
347.244
347.244
347.244
347.244
347.244
347.244
347.244
347.244
347.244
347.244
347.244
352.8
0
0
0
0
0
0
0
0
0
0
0
0
0
0
0
0
0
0
0
0
0
0
0
0
0
0
347.244
347.244
347.244
347.244
347.244
347.244
347.244
347.244
347.244
347.244
347.244
347.244
347.244
347.244
347.244
347.244
347.244
347.244
347.244
347.244
347.244
347.244
347.244
347.244
347.244
347.244
347.244
347.244
347.244
347.244
347.244
347.244
344.531
344.531
331.579
331.579
326.667
326.667
326.667
326.667
0
0
0
0
0
326.667
326.667
329.104
329.104
329.104
329.104
329.104
329.104
329.104
329.104
329.104
329.104
329.104
329.104
329.104
336.641
336.641
347.244
0
0
0
0
347.244
347.244
347.244
347.244
347.244
347.244
347.244
347.244
347.244
347.244
347.244
347.244
347.244
347.244
347.244
347.244
358.537
358.537
380.172
380.172
0
0
0
0
390.265
390.265
390.265
390.265
390.265
390.265
390.265
386.842
386.842
376.923
376.923
376.923
0
0
0
0
0
0
436.634
436.634
436.634
436.634
436.634
436.634
436.634
436.634
436.634
436.634
436.634
436.634
436.634
436.634
436.634
436.634
436.634
436.634
436.634
436.634
436.634
436.634
0
350
350
350
350
350
350
347.244
347.244
347.244
347.244
347.244
347.244
347.244
347.244
347.244
347.244
347.244
347.244
339.231
339.231
0
0
329.104
329.104
329.104
329.104
329.104
329.104
326.667
329.104
329.104
329.104
329.104
326.667
326.667
326.667
326.667
326.667
0
0
0
0
0
0
294
294
294
294
294
294
294
294
294
294
294
294
294
294
294
294
294
294
295.973
295.973
297.973
297.973
297.973
297.973
297.973
295.973
295.973
294
294
290.132
290.132
292.053
292.053
294
294
294
294
294
295.973
295.973
297.973
297.973
297.973
300
300
297.973
297.973
297.973
297.973
295.973
295.973
294
294
294
294
294
294
294
294
294
295.973
295.973
297.973
300
300
300
300
297.973
297.973
295.973
295.973
294
294
294
294
294
294
294
294
294
295.973
295.973
297.973
300
300
300
300
300
300
297.973
297.973
295.973
294
294
294
294
294
294
294
294
295.973
295.973
295.973
297.973
297.973
297.973
297.973
297.973
297.973
297.973
297.973
295.973
295.973
295.973
294
294
294
294
294
294
294
294
295.973
297.973
297.973
297.973
297.973
297.973
297.973
297.973
297.973
297.973
295.973
295.973
294
294
294
294
294
294
294
294
294
295.973
295.973
295.973
295.973
297.973
297.973
297.973
297.973
297.973
295.973
295.973
295.973
295.973
294
294
294
294
294
294
294
295.973
295.973
297.973
297.973
297.973
297.973
297.973
297.973
297.973
297.973
297.973
295.973
295.973
294
294
294
294
294
294
294
294
294
294
294
295.973
295.973
295.973
295.973
297.973
297.973
297.973
297.973
297.973
297.973
297.973
297.973
297.973
297.973
295.973
295.973
295.973
295.973
294
294
294
294
294
294
294
294
294
294
294
294
294
294
294
292.053
286.364
286.364
0
0
0
0
0
0
0
0
0
0
0
0
0
0
0
464.211
464.211
464.211
464.211
464.211
464.211
464.211
464.211
464.211
464.211
464.211
464.211
464.211
464.211
464.211
464.211
464.211
464.211
464.211
464.211
464.211
464.211
464.211
464.211
464.211
464.211
464.211
464.211
464.211
464.211
464.211
464.211
464.211
464.211
464.211
464.211
464.211
464.211
464.211
464.211
464.211
464.211
464.211
464.211
464.211
464.211
464.211
464.211
464.211
464.211
464.211
459.375
0
0
0
0
0
0
0
0
0
0
0
0
0
0
0
0
0
0
0
0
0
0
0
0
0
0
